-,-,-
-2.25,8.84,3.97
-2.01,8.54,3.95
-2.34,9.21,3.90
-2.09,8.61,3.90
-1.76,9.18,3.96
-2.45,8.72,3.92
-2.21,8.78,3.99
-1.70,8.99,3.98
-1.96,8.89,3.95
-2.07,8.09,3.82
-1.94,8.86,3.88
-1.58,8.82,3.86
-2.44,8.46,3.63
-1.45,7.73,3.63
-2.02,7.93,3.46
-2.42,7.36,3.22
-2.73,8.08,3.14
-4.61,7.92,2.97
-5.12,12.04,3.33
-1.81,15.50,4.07
-1.52,10.74,3.78
-1.96,11.14,3.61
-1.92,9.21,3.33
-0.95,7.69,3.14
-3.08,7.24,2.87
-1.05,7.38,3.07
-2.47,8.73,3.03
-1.97,6.71,3.05
-1.65,7.70,3.18
-2.59,8.45,3.24
-1.70,8.38,3.41
-2.45,8.85,3.48
-2.76,9.98,3.67
-2.04,8.86,3.76
-3.31,8.98,3.63
-2.80,9.79,3.67
-2.55,8.95,3.49
-3.84,8.73,3.27
-2.26,9.46,3.46
-2.62,10.01,3.52
-3.96,9.64,3.52
-2.61,9.93,3.72
-2.29,11.08,3.71
-2.37,9.88,3.55
-1.89,8.71,3.46
-2.46,9.24,3.37
-1.80,8.04,3.28
-1.78,8.26,3.32
-1.67,7.81,3.35
-2.93,7.70,3.45
-1.92,8.76,3.76
-2.15,8.81,3.87
-3.01,8.51,3.90
-1.94,9.11,4.05
-2.77,8.25,3.90
-2.27,8.47,3.95
-2.39,9.44,3.95
-2.33,8.55,3.88
-2.77,8.43,3.76
-1.92,9.18,3.91
-2.42,8.47,3.86
-2.67,9.06,3.91
-2.32,9.15,4.00
-2.33,9.02,3.97
-2.59,8.82,3.91
-1.79,9.20,3.93




-,-,-
-2.03,8.73,4.40
-2.13,8.69,4.40
-1.68,8.51,4.45
-2.08,8.80,4.44
-2.29,9.00,4.48
-2.11,8.59,4.52
-2.80,9.02,4.47
-1.51,8.93,4.60
-1.90,8.37,4.45
-0.91,7.27,4.24
-2.90,5.69,3.63
-1.72,7.22,3.60
-2.95,9.55,3.82
-3.01,10.65,4.15
-2.96,9.80,4.39
-3.02,10.71,4.82
-3.26,11.98,4.87
0.76,12.89,4.82
-0.78,7.44,3.68
-1.92,3.99,2.87
-1.63,5.63,2.81
-1.82,5.98,3.02
-3.16,7.38,3.34
-4.54,10.89,4.37
-3.24,12.37,5.03
-3.12,10.17,5.02
-3.19,11.98,4.90
0.31,11.55,4.76
-2.36,10.49,4.08
-0.82,8.08,3.68
-2.30,6.35,3.32
-1.80,7.38,3.36
-0.89,6.27,3.65
-2.83,7.85,3.87
-1.56,8.46,4.32
-2.69,9.57,4.54
-3.19,8.06,4.48
-2.09,9.27,4.63
-1.92,8.73,4.54
-2.28,8.54,4.43
-2.43,8.50,4.40
-1.96,9.12,4.34
-2.60,8.06,4.22
-1.72,8.49,4.33
-2.06,8.85,4.33




-,-,-
-1.91,8.53,4.80
-1.22,8.72,4.88
-1.95,8.64,4.85
-1.72,8.68,4.83
-1.08,9.16,5.01
-1.80,9.01,4.99
-0.37,8.93,4.98
1.28,3.36,3.28
-3.23,-1.01,2.27
-1.69,4.45,2.38
-4.64,10.32,2.94
-5.20,14.00,4.19
-5.05,12.60,4.75
-2.97,13.14,5.23
-2.78,18.38,5.72
-0.55,14.10,5.39
-1.32,10.77,4.54
-3.46,8.03,3.39
0.93,6.28,2.56
0.87,4.79,1.87
0.68,1.30,1.40
-2.23,2.08,1.39
-3.11,3.56,1.92
-2.99,10.23,3.29
-6.52,11.86,4.56
-5.49,13.85,5.49
-3.81,18.72,6.18
-1.11,12.69,5.74
-1.07,11.90,4.95
-3.76,9.74,3.62
-0.03,7.83,3.13
-0.65,8.03,2.76
-0.20,8.30,2.86
-0.77,5.14,3.14
-1.91,5.72,3.73
-2.58,7.12,4.35
-2.12,9.59,4.80
-1.46,7.58,4.81
-1.70,9.40,4.94
-2.39,7.67,4.82




-,-,-
-1.36,8.12,5.08
-0.57,8.62,5.09
-1.35,8.18,5.01
-1.11,8.02,4.93
-0.74,8.44,4.91
-1.33,7.67,4.68
-0.60,7.26,4.56
-0.88,7.54,4.32
-0.81,7.91,4.40
-1.73,8.10,4.25
-1.17,8.60,4.23
-2.02,5.87,3.78
-3.49,8.62,3.69
-1.65,10.31,4.09
-3.14,9.28,4.02
-4.87,10.06,4.19
-2.05,13.74,4.97
-1.16,13.39,5.15
-3.00,10.38,4.65
-1.64,10.65,4.53
-1.56,9.99,4.26
-1.63,9.39,4.07
-1.66,9.32,4.01
-1.38,8.48,3.86
-1.27,8.00,3.74
-0.23,7.30,3.51
-0.34,5.23,3.29
-0.90,5.73,3.25
-1.11,6.00,3.32
-1.40,7.02,3.51
-1.46,9.19,3.82
-1.57,8.68,3.99
-2.59,7.16,3.80
-3.71,9.47,3.90
-1.96,10.93,4.19
-1.48,11.54,4.43
-3.53,9.97,4.21
-3.12,11.13,4.27
-1.99,11.25,4.32
-2.49,10.19,4.14
-2.53,10.43,4.19
-1.70,10.86,4.25
-2.03,10.07,4.19
-1.39,9.80,4.23
-2.09,10.11,4.05
-0.22,9.27,4.01
-1.92,8.46,3.80
-0.36,7.76,3.74
-0.44,6.68,3.73
-1.73,7.42,3.85
-0.65,7.43,4.28
-1.06,7.86,4.55
-2.14,8.60,4.76
-0.68,8.21,5.06
-1.59,7.88,4.98
-1.37,8.68,5.13
-1.05,9.33,5.24
-1.51,8.01,5.05
-1.20,8.87,5.07
-1.16,6.92,4.87
-1.54,9.28,4.89
-1.28,8.95,4.89
-1.23,8.26,4.95
-1.32,8.71,4.97




-,-,-
-0.50,9.54,0.21
-0.45,9.81,0.19
-0.60,9.82,0.23
-0.37,9.45,0.21
-0.70,10.03,0.23
-0.53,9.28,0.20
-0.62,9.91,0.27
-0.32,8.91,0.15
-0.33,9.61,0.15
-0.76,8.40,0.02
-1.42,8.14,-0.16
-0.46,8.36,-0.35
-1.12,10.67,-0.39
-1.28,9.80,-0.50
-1.19,11.94,-0.45
-0.06,11.98,-0.36
-2.13,10.32,-0.54
1.40,11.69,-0.26
-1.69,10.42,-0.62
-0.40,10.51,-0.36
-0.11,8.92,-0.31
-0.89,8.29,-0.39
-0.33,9.45,-0.26
-0.06,7.08,-0.28
-0.55,7.43,-0.17
-0.92,7.86,-0.25
-1.12,7.85,-0.42
-0.53,9.02,-0.47
-2.08,10.16,-0.64
-1.47,12.78,-0.44
-1.64,10.47,-0.57
-1.37,11.70,-0.47
-0.03,11.91,-0.43
-1.10,11.80,-0.47
-0.49,9.02,-0.45
-0.07,9.00,-0.40
-1.51,10.92,-0.51
-0.29,8.95,-0.44
-0.13,9.30,-0.36
-1.36,9.33,-0.28
-0.16,8.73,-0.20
-0.26,8.66,-0.10
-0.53,8.43,-0.08
-1.14,9.56,0.03
-0.48,9.42,0.05
-1.41,9.65,-0.02
-0.57,10.20,0.09
-0.93,9.99,0.06
-1.23,9.87,0.12
-0.47,9.21,0.13
-0.71,10.47,-0.03
-0.92,9.68,-0.08
-0.69,8.99,-0.06
-0.95,10.15,0.01
-0.44,9.33,-0.05




-,-,-
0.02,9.69,0.17
-0.22,9.54,0.20
-0.46,9.74,0.25
0.48,9.67,0.24
-0.76,9.71,0.17
-0.10,9.40,0.22
-0.64,9.27,0.18
-0.72,8.20,0.02
-0.15,7.34,0.17
-0.82,6.93,-0.50
-1.43,8.35,-1.01
-2.35,14.47,-0.43
-1.13,18.02,0.07
2.30,17.19,0.06
-1.16,2.45,-0.60
0.85,5.88,0.02
-0.92,6.50,-0.40
-1.09,6.82,-0.55
-1.04,7.33,-0.82
-0.36,10.70,-0.66
-2.67,11.25,-0.54
-0.81,11.66,-0.29
-1.68,12.85,-0.18
-1.40,13.14,-0.23
0.08,11.95,-0.31
-0.65,11.79,-0.61
0.71,7.81,-0.67
0.45,6.44,-0.62
-0.41,7.05,-0.50
-1.54,7.88,-0.37
-0.34,9.52,-0.08
-1.41,9.27,-0.06
-0.27,10.18,0.07
-1.51,9.71,-0.08
-0.10,10.22,-0.06
-1.84,9.60,-0.15
-0.48,10.35,-0.03
-1.53,9.18,-0.08
-0.84,9.55,-0.17
-0.66,10.43,-0.19
-0.86,9.53,-0.23
-0.85,8.93,-0.24
-0.70,9.69,-0.16
-1.16,9.24,-0.21
0.10,9.83,-0.14
-1.81,10.74,-0.14
-0.37,9.64,-0.12
-1.19,9.41,-0.16




-,-,-
-0.34,9.88,0.07
-0.02,9.52,0.13
-0.44,9.20,0.11
-0.36,8.82,0.17
-0.14,7.87,0.18
-1.12,7.05,0.02
0.21,7.86,-0.39
-0.64,9.89,-0.35
-1.42,8.46,-0.72
0.43,9.38,-0.69
-1.70,9.06,-0.91
-0.92,8.46,-1.06
-0.60,10.02,-1.10
-2.41,10.48,-1.49
-1.84,13.45,-1.29
-1.46,14.43,-1.35
1.05,14.22,-1.12
-0.01,12.13,-1.05
0.32,10.86,-0.94
-0.15,11.05,-0.98
-0.86,8.48,-1.16
0.65,8.43,-0.94
-0.44,7.11,-0.94
0.38,6.85,-0.60
-1.25,5.97,-0.59
-0.33,6.50,-0.47
-0.34,7.33,-0.48
-0.95,7.37,-0.70
-0.34,9.44,-0.73
-2.37,10.18,-0.74
-0.44,8.70,-0.82
-2.17,9.90,-1.12
-0.55,12.54,-1.02
-2.83,11.33,-1.24
-0.29,12.34,-1.05
-1.88,11.33,-1.30
0.05,12.61,-1.09
-1.02,10.94,-1.11
-1.09,10.66,-1.07
-0.13,11.78,-1.03
-0.75,10.02,-1.26
-0.18,11.07,-1.09
-0.55,9.26,-1.16
-0.07,8.58,-1.03
-0.42,9.16,-0.83
-0.57,8.74,-0.51
-0.94,7.64,-0.20
-0.86,8.53,-0.00
0.15,8.11,0.13
-1.49,9.07,0.21
-0.02,9.38,0.45
-0.92,8.80,0.36
-0.83,9.66,0.37
-0.16,10.14,0.35
-1.07,10.10,0.39
-0.77,9.29,0.38
-0.44,9.30,0.26
-0.73,9.66,0.13
-0.26,9.89,0.25
-1.49,9.05,0.15
-0.34,10.76,0.25
-0.62,9.66,0.23
-0.74,9.81,0.27




-,-,-
-0.79,9.29,0.30
0.28,10.17,0.47
-1.80,9.70,0.30
0.80,9.77,0.49
-0.99,9.87,0.37
-0.81,9.92,0.38
-0.09,9.26,0.48
-0.34,9.87,0.41
0.02,8.97,0.43
-0.43,8.59,0.31
0.00,9.21,0.36
-0.58,7.01,0.14
0.82,6.15,0.14
-1.46,6.84,-0.35
0.66,7.01,-1.01
-1.76,7.81,-1.18
-2.07,8.18,-1.81
-2.52,15.41,-1.52
-4.42,15.85,-1.61
1.50,16.13,-1.00
-2.27,15.48,-0.83
-1.23,14.19,-0.38
-0.20,11.64,-0.54
-1.97,10.40,-0.91
-0.24,10.11,-0.95
0.25,7.26,-1.02
0.11,5.72,-0.78
0.93,5.15,-0.52
-0.55,5.14,-0.28
-1.68,5.70,-0.18
-0.50,6.46,-0.24
-1.62,9.61,-0.30
-0.84,8.59,-0.34
-0.64,9.07,-0.21
-3.53,7.36,-0.40
-1.56,6.27,-1.20
-3.91,12.20,-1.08
-4.43,12.76,-1.29
-1.31,17.53,-0.87
-1.44,17.45,-1.07
0.37,16.66,-0.86
-1.35,12.49,-1.20
-0.33,11.13,-1.38
0.27,8.96,-1.57
0.10,9.00,-1.35
-0.43,6.55,-1.17
-0.60,4.05,-0.56
-0.29,5.12,0.19
-1.59,6.43,0.63
-0.51,8.37,0.90
-0.90,8.26,0.98
-0.66,9.50,1.07
-1.05,9.52,0.95
-0.95,10.32,0.80
-1.15,10.00,0.63
-1.39,9.85,0.53




